===== BC1 64x64 (16x16 blocks, 8B) =====
# bc1_64: BO 0x10000018000 sz=0x20000 base_off=0x4500 tagged=256 expect=256
# desc: f6881d22 0000fc03 00001c50 00000010 00000000 00000000 00000000 00000000  byte0=0x00 byte1=0x00
# coverage 256/256
## physical block-slot index for (bx,by):
          0    1    2    3    4    5    6    7    8    9   10   11
by= 0     0    1    4    5   16   17   20   21   64   65   68   69
by= 1     2    3    6    7   18   19   22   23   66   67   70   71
by= 2     8    9   12   13   24   25   28   29   72   73   76   77
by= 3    10   11   14   15   26   27   30   31   74   75   78   79
by= 4    32   33   36   37   48   49   52   53   96   97  100  101
by= 5    34   35   38   39   50   51   54   55   98   99  102  103
by= 6    40   41   44   45   56   57   60   61  104  105  108  109
by= 7    42   43   46   47   58   59   62   63  106  107  110  111
by= 8   128  129  132  133  144  145  148  149  192  193  196  197
by= 9   130  131  134  135  146  147  150  151  194  195  198  199
by=10   136  137  140  141  152  153  156  157  200  201  204  205
by=11   138  139  142  143  154  155  158  159  202  203  206  207
## GF(2) block_slot = bx0<<0 | by0<<1 | bx1<<2 | by1<<3 | bx2<<4 | by2<<5 | bx3<<6 | by3<<7
## solved-cleanly=True; layout=MORTON-over-blocks (interleaved)

===== BC7 64x64 (16x16 blocks, 16B) =====
# bc7_64: BO 0x10000018000 sz=0x20000 base_off=0x4500 tagged=256 expect=256
# desc: f6881ee2 0000fc03 00001c50 00000010 00000000 00000000 00000000 00000000  byte0=0x00 byte1=0x00
# coverage 256/256
## physical block-slot index for (bx,by):
          0    1    2    3    4    5    6    7    8    9   10   11
by= 0     0    1    4    5   16   17   20   21   64   65   68   69
by= 1     2    3    6    7   18   19   22   23   66   67   70   71
by= 2     8    9   12   13   24   25   28   29   72   73   76   77
by= 3    10   11   14   15   26   27   30   31   74   75   78   79
by= 4    32   33   36   37   48   49   52   53   96   97  100  101
by= 5    34   35   38   39   50   51   54   55   98   99  102  103
by= 6    40   41   44   45   56   57   60   61  104  105  108  109
by= 7    42   43   46   47   58   59   62   63  106  107  110  111
by= 8   128  129  132  133  144  145  148  149  192  193  196  197
by= 9   130  131  134  135  146  147  150  151  194  195  198  199
by=10   136  137  140  141  152  153  156  157  200  201  204  205
by=11   138  139  142  143  154  155  158  159  202  203  206  207
## GF(2) block_slot = bx0<<0 | by0<<1 | bx1<<2 | by1<<3 | bx2<<4 | by2<<5 | bx3<<6 | by3<<7
## solved-cleanly=True; layout=MORTON-over-blocks (interleaved)

===== ASTC4x4 64x64 (16x16 blocks, 16B) =====
# astc4_64: BO 0x10000018000 sz=0x20000 base_off=0x4500 tagged=256 expect=256
# desc: f6881822 0000fc03 00001c50 00000010 00000000 00000000 00000000 00000000  byte0=0x00 byte1=0x00
# coverage 256/256
## physical block-slot index for (bx,by):
          0    1    2    3    4    5    6    7    8    9   10   11
by= 0     0    1    4    5   16   17   20   21   64   65   68   69
by= 1     2    3    6    7   18   19   22   23   66   67   70   71
by= 2     8    9   12   13   24   25   28   29   72   73   76   77
by= 3    10   11   14   15   26   27   30   31   74   75   78   79
by= 4    32   33   36   37   48   49   52   53   96   97  100  101
by= 5    34   35   38   39   50   51   54   55   98   99  102  103
by= 6    40   41   44   45   56   57   60   61  104  105  108  109
by= 7    42   43   46   47   58   59   62   63  106  107  110  111
by= 8   128  129  132  133  144  145  148  149  192  193  196  197
by= 9   130  131  134  135  146  147  150  151  194  195  198  199
by=10   136  137  140  141  152  153  156  157  200  201  204  205
by=11   138  139  142  143  154  155  158  159  202  203  206  207
## GF(2) block_slot = bx0<<0 | by0<<1 | bx1<<2 | by1<<3 | bx2<<4 | by2<<5 | bx3<<6 | by3<<7
## solved-cleanly=True; layout=MORTON-over-blocks (interleaved)

===== ASTC8x8 128x128 (16x16 blocks, 16B) =====
# astc8_128: BO 0x10000018000 sz=0x20000 base_off=0x4500 tagged=256 expect=256
# desc: f68819e2 0001fc07 00001c50 00000010 00000000 00000000 00000000 00000000  byte0=0x00 byte1=0x00
# coverage 256/256
## physical block-slot index for (bx,by):
          0    1    2    3    4    5    6    7    8    9   10   11
by= 0     0    1    4    5   16   17   20   21   64   65   68   69
by= 1     2    3    6    7   18   19   22   23   66   67   70   71
by= 2     8    9   12   13   24   25   28   29   72   73   76   77
by= 3    10   11   14   15   26   27   30   31   74   75   78   79
by= 4    32   33   36   37   48   49   52   53   96   97  100  101
by= 5    34   35   38   39   50   51   54   55   98   99  102  103
by= 6    40   41   44   45   56   57   60   61  104  105  108  109
by= 7    42   43   46   47   58   59   62   63  106  107  110  111
by= 8   128  129  132  133  144  145  148  149  192  193  196  197
by= 9   130  131  134  135  146  147  150  151  194  195  198  199
by=10   136  137  140  141  152  153  156  157  200  201  204  205
by=11   138  139  142  143  154  155  158  159  202  203  206  207
## GF(2) block_slot = bx0<<0 | by0<<1 | bx1<<2 | by1<<3 | bx2<<4 | by2<<5 | bx3<<6 | by3<<7
## solved-cleanly=True; layout=MORTON-over-blocks (interleaved)
