# DESCRIPTOR in BO 0x10000018000+0x20: w0=f9684862 w1=00003c00 w2=00001c50 w3=00000010 w4=00000000 w5=00000000 w6=00000000 w7=00000000
# base VA=0x1000001c500  layout word1.b27=0 word3.b31=0  secondaryVA=0x0
# TEXTURE BO va=0x1000001c500 sz=0x20000 base_off=0x0 fmt=r32uint bpp=4 16x16
# coverage 256/256

## element index e for texel (x,y), top-left 16x16:
          0     1     2     3     4     5     6     7     8     9    10    11    12    13    14    15
y=  0      0     1     4     5    16    17    20    21    64    65    68    69    80    81    84    85
y=  1      2     3     6     7    18    19    22    23    66    67    70    71    82    83    86    87
y=  2      8     9    12    13    24    25    28    29    72    73    76    77    88    89    92    93
y=  3     10    11    14    15    26    27    30    31    74    75    78    79    90    91    94    95
y=  4     32    33    36    37    48    49    52    53    96    97   100   101   112   113   116   117
y=  5     34    35    38    39    50    51    54    55    98    99   102   103   114   115   118   119
y=  6     40    41    44    45    56    57    60    61   104   105   108   109   120   121   124   125
y=  7     42    43    46    47    58    59    62    63   106   107   110   111   122   123   126   127
y=  8    128   129   132   133   144   145   148   149   192   193   196   197   208   209   212   213
y=  9    130   131   134   135   146   147   150   151   194   195   198   199   210   211   214   215
y= 10    136   137   140   141   152   153   156   157   200   201   204   205   216   217   220   221
y= 11    138   139   142   143   154   155   158   159   202   203   206   207   218   219   222   223
y= 12    160   161   164   165   176   177   180   181   224   225   228   229   240   241   244   245
y= 13    162   163   166   167   178   179   182   183   226   227   230   231   242   243   246   247
y= 14    168   169   172   173   184   185   188   189   232   233   236   237   248   249   252   253
y= 15    170   171   174   175   186   187   190   191   234   235   238   239   250   251   254   255

## GF(2) bit-permutation over 16x16 block (256 samples):
  e_b0=x0  e_b1=y0  e_b2=x1  e_b3=y1  e_b4=x2  e_b5=y2  e_b6=x3  e_b7=y3
  element_index = x0<<0 | y0<<1 | x1<<2 | y1<<3 | x2<<4 | y2<<5 | x3<<6 | y3<<7

## extent x[0,15] y[0,15]  max_e=255
