# DESCRIPTOR in BO 0x10000028000+0x20: w0=f9684842 w1=0000fc03 w2=00001800 w3=0003c010 w4=00000000 w5=00000000 w6=00000000 w7=00000000
# base VA=0x10000018000  layout word1.b27=0 word3.b31=0  secondaryVA=0x0
# TEXTURE BO va=0x10000018000 sz=0x8000 base_off=0x0 fmt=r32uint bpp=4 64x64
# coverage 4096/4096

## element index e for texel (x,y), top-left 32x32:
          0     1     2     3     4     5     6     7     8     9    10    11    12    13    14    15    16    17    18    19    20    21    22    23    24    25    26    27    28    29    30    31
y=  0      0     1     2     3     4     5     6     7     8     9    10    11    12    13    14    15    16    17    18    19    20    21    22    23    24    25    26    27    28    29    30    31
y=  1     64    65    66    67    68    69    70    71    72    73    74    75    76    77    78    79    80    81    82    83    84    85    86    87    88    89    90    91    92    93    94    95
y=  2    128   129   130   131   132   133   134   135   136   137   138   139   140   141   142   143   144   145   146   147   148   149   150   151   152   153   154   155   156   157   158   159
y=  3    192   193   194   195   196   197   198   199   200   201   202   203   204   205   206   207   208   209   210   211   212   213   214   215   216   217   218   219   220   221   222   223
y=  4    256   257   258   259   260   261   262   263   264   265   266   267   268   269   270   271   272   273   274   275   276   277   278   279   280   281   282   283   284   285   286   287
y=  5    320   321   322   323   324   325   326   327   328   329   330   331   332   333   334   335   336   337   338   339   340   341   342   343   344   345   346   347   348   349   350   351
y=  6    384   385   386   387   388   389   390   391   392   393   394   395   396   397   398   399   400   401   402   403   404   405   406   407   408   409   410   411   412   413   414   415
y=  7    448   449   450   451   452   453   454   455   456   457   458   459   460   461   462   463   464   465   466   467   468   469   470   471   472   473   474   475   476   477   478   479
y=  8    512   513   514   515   516   517   518   519   520   521   522   523   524   525   526   527   528   529   530   531   532   533   534   535   536   537   538   539   540   541   542   543
y=  9    576   577   578   579   580   581   582   583   584   585   586   587   588   589   590   591   592   593   594   595   596   597   598   599   600   601   602   603   604   605   606   607
y= 10    640   641   642   643   644   645   646   647   648   649   650   651   652   653   654   655   656   657   658   659   660   661   662   663   664   665   666   667   668   669   670   671
y= 11    704   705   706   707   708   709   710   711   712   713   714   715   716   717   718   719   720   721   722   723   724   725   726   727   728   729   730   731   732   733   734   735
y= 12    768   769   770   771   772   773   774   775   776   777   778   779   780   781   782   783   784   785   786   787   788   789   790   791   792   793   794   795   796   797   798   799
y= 13    832   833   834   835   836   837   838   839   840   841   842   843   844   845   846   847   848   849   850   851   852   853   854   855   856   857   858   859   860   861   862   863
y= 14    896   897   898   899   900   901   902   903   904   905   906   907   908   909   910   911   912   913   914   915   916   917   918   919   920   921   922   923   924   925   926   927
y= 15    960   961   962   963   964   965   966   967   968   969   970   971   972   973   974   975   976   977   978   979   980   981   982   983   984   985   986   987   988   989   990   991
y= 16   1024  1025  1026  1027  1028  1029  1030  1031  1032  1033  1034  1035  1036  1037  1038  1039  1040  1041  1042  1043  1044  1045  1046  1047  1048  1049  1050  1051  1052  1053  1054  1055
y= 17   1088  1089  1090  1091  1092  1093  1094  1095  1096  1097  1098  1099  1100  1101  1102  1103  1104  1105  1106  1107  1108  1109  1110  1111  1112  1113  1114  1115  1116  1117  1118  1119
y= 18   1152  1153  1154  1155  1156  1157  1158  1159  1160  1161  1162  1163  1164  1165  1166  1167  1168  1169  1170  1171  1172  1173  1174  1175  1176  1177  1178  1179  1180  1181  1182  1183
y= 19   1216  1217  1218  1219  1220  1221  1222  1223  1224  1225  1226  1227  1228  1229  1230  1231  1232  1233  1234  1235  1236  1237  1238  1239  1240  1241  1242  1243  1244  1245  1246  1247
y= 20   1280  1281  1282  1283  1284  1285  1286  1287  1288  1289  1290  1291  1292  1293  1294  1295  1296  1297  1298  1299  1300  1301  1302  1303  1304  1305  1306  1307  1308  1309  1310  1311
y= 21   1344  1345  1346  1347  1348  1349  1350  1351  1352  1353  1354  1355  1356  1357  1358  1359  1360  1361  1362  1363  1364  1365  1366  1367  1368  1369  1370  1371  1372  1373  1374  1375
y= 22   1408  1409  1410  1411  1412  1413  1414  1415  1416  1417  1418  1419  1420  1421  1422  1423  1424  1425  1426  1427  1428  1429  1430  1431  1432  1433  1434  1435  1436  1437  1438  1439
y= 23   1472  1473  1474  1475  1476  1477  1478  1479  1480  1481  1482  1483  1484  1485  1486  1487  1488  1489  1490  1491  1492  1493  1494  1495  1496  1497  1498  1499  1500  1501  1502  1503
y= 24   1536  1537  1538  1539  1540  1541  1542  1543  1544  1545  1546  1547  1548  1549  1550  1551  1552  1553  1554  1555  1556  1557  1558  1559  1560  1561  1562  1563  1564  1565  1566  1567
y= 25   1600  1601  1602  1603  1604  1605  1606  1607  1608  1609  1610  1611  1612  1613  1614  1615  1616  1617  1618  1619  1620  1621  1622  1623  1624  1625  1626  1627  1628  1629  1630  1631
y= 26   1664  1665  1666  1667  1668  1669  1670  1671  1672  1673  1674  1675  1676  1677  1678  1679  1680  1681  1682  1683  1684  1685  1686  1687  1688  1689  1690  1691  1692  1693  1694  1695
y= 27   1728  1729  1730  1731  1732  1733  1734  1735  1736  1737  1738  1739  1740  1741  1742  1743  1744  1745  1746  1747  1748  1749  1750  1751  1752  1753  1754  1755  1756  1757  1758  1759
y= 28   1792  1793  1794  1795  1796  1797  1798  1799  1800  1801  1802  1803  1804  1805  1806  1807  1808  1809  1810  1811  1812  1813  1814  1815  1816  1817  1818  1819  1820  1821  1822  1823
y= 29   1856  1857  1858  1859  1860  1861  1862  1863  1864  1865  1866  1867  1868  1869  1870  1871  1872  1873  1874  1875  1876  1877  1878  1879  1880  1881  1882  1883  1884  1885  1886  1887
y= 30   1920  1921  1922  1923  1924  1925  1926  1927  1928  1929  1930  1931  1932  1933  1934  1935  1936  1937  1938  1939  1940  1941  1942  1943  1944  1945  1946  1947  1948  1949  1950  1951
y= 31   1984  1985  1986  1987  1988  1989  1990  1991  1992  1993  1994  1995  1996  1997  1998  1999  2000  2001  2002  2003  2004  2005  2006  2007  2008  2009  2010  2011  2012  2013  2014  2015

## GF(2) bit-permutation over 64x64 block (4096 samples):
  e_b0=x0  e_b1=x1  e_b2=x2  e_b3=x3  e_b4=x4  e_b5=x5  e_b6=y0  e_b7=y1  e_b8=y2  e_b9=y3  e_b10=y4  e_b11=y5
  element_index = x0<<0 | x1<<1 | x2<<2 | x3<<3 | x4<<4 | x5<<5 | y0<<6 | y1<<7 | y2<<8 | y3<<9 | y4<<10 | y5<<11

## extent x[0,63] y[0,63]  max_e=4095
