device=Apple A18 Pro RTfromRender=1
AS built err=none
render pipeline OK (RT fragment)
draw err=none
RT-from-render 8x8 hit-distance grid (uv->ray origin xy in [-1,1], tri at z=3):
 -1.00  -1.00  -1.00  -1.00  -1.00  -1.00  -1.00  -1.00 
 -1.00  -1.00  -1.00   3.00   3.00  -1.00  -1.00  -1.00 
 -1.00  -1.00  -1.00   3.00   3.00  -1.00  -1.00  -1.00 
 -1.00  -1.00   3.00   3.00   3.00   3.00  -1.00  -1.00 
 -1.00  -1.00   3.00   3.00   3.00   3.00  -1.00  -1.00 
 -1.00   3.00   3.00   3.00   3.00   3.00   3.00  -1.00 
 -1.00   3.00   3.00   3.00   3.00   3.00   3.00  -1.00 
  3.00   3.00   3.00   3.00   3.00   3.00   3.00   3.00 
